220 -0.258654990789374
390 0.46882268348472
291 0.12420604878627
427 -0.0351429486541259
317 0.0807074622192838
444 0.0538476250538437
435 0.330971823898507
225 0.112492609422343
192 -0.504492857239097
419 -0.0833559522317152
249 0.0539013879062449
285 -0.193057955952292
386 0.185358357421565
188 0.0968398741092917
296 -0.322849000075619
238 0.0980699603925
269 -0.194312448653735
428 0.062349955924399
272 -0.194094250671149
265 -0.193063674617728
281 -0.236637744769398
318 -0.00625717461160202
309 -0.0236191728208173
339 0.161578597406657
284 -0.326250937699814
298 -0.0535616617491177
334 0.0645307190697631
413 -0.122433304207165
304 0.233757383681357
257 0.0746692072441805
409 0.211072284718758
389 -0.0811036815135573
369 0.560618938795
433 -0.187964672736102
210 0.302222859903584
405 0.131691422058109
248 -0.416560773713137
280 0.393699023195138
375 -0.152084749682845
358 -0.0455182697022839
233 -0.105568230002476
264 0.0713371322589646
415 -0.115996587185708
211 -0.279106900757701
341 -0.0309733666976542
425 0.13059943190443
319 0.291639602634487
338 -0.00693992230572738
438 -0.113651465007299
109 -0.0369574663159733
58 0.239693094656481
67 0.0225859324032413
75 0.098656965640193
88 0.0187343604922754
153 0.200775623533048
99 -0.088641118664419
13 0.0934146826637778
15 -0.234242005900662
145 -0.097771637503474
61 -0.246811888639466
5 -0.0142640760026662
110 -0.321359141432283
176 0.670568157520389
79 -0.0922546489200538
120 -0.179485024398953
72 0.215436718937821
125 0.15684057596427
164 -0.00209625139253024
94 0.243982397377141
33 -0.285938207459128
105 0.0165608955579824
165 0.0551376631482768
113 -0.180107151119034
104 0.0538287903118941
106 0.0523524332028483
111 -0.0354023926774434
128 -0.323237280983552
335 -0.00947058098268246
431 0.669267178875428
344 -0.219665848213156
333 -0.386146455553363
356 0.181759728487379
218 0.110156449717324
258 0.21977790192653
212 -0.169186184278134
423 -0.362356879511238
360 -0.175139141468783
295 0.208743499178385
383 -0.0794713656198455
