222 -0.0383071436277363
277 -0.125445723544331
242 -0.143289819093787
398 -0.0515662056547702
224 -0.0614114278414452
239 -0.0502150701082836
421 0.000998470381119262
397 -0.0857996927341185
387 0.0863287850775786
328 -0.0214659645609784
220 -0.0779738558748251
380 0.510172783216811
189 0.000625356302538138
195 0.0297981247616645
245 -0.0767220562830604
403 -0.12685110118231
191 -0.0347272400551413
307 0.0197352063712654
390 0.0444309483993923
206 -0.0324305946392765
308 -0.0807671285319349
291 0.0696152891735962
185 -0.072143879678083
445 -0.102154803897534
399 -0.105981163688676
374 0.33284419370474
342 0.0207778236255829
444 0.0234441631509504
198 0.116142953406956
192 0.0561727631645046
349 0.345908944567107
365 -0.00324743649679204
312 0.117231787752184
202 -0.0518406806644433
208 -0.0687840774542747
288 0.0142282491511677
294 -0.0350992711613392
247 0.00646683701216828
296 -0.0571387614227171
385 -0.141137559900505
278 0.0123948657385852
428 -0.0144259496895882
272 -0.0161161241467158
270 0.0593077713419895
343 0.135626593458668
339 0.114613443793222
284 0.206371817064288
321 0.142085691351224
217 -0.0837820324254609
298 0.00261972203167773
334 0.0560295302069694
413 -0.00359366313034857
304 0.0998869140060578
418 0.072195083110517
389 0.0398949911920579
369 -0.0105588052952312
433 0.146572558495065
405 0.00115366937195363
327 0.0228593320690701
361 0.00635711921254377
229 0.0737635940331391
407 -0.00953734128727294
261 -0.170692866299794
336 0.0568933911030064
341 -0.0761620773167199
438 0.0594409219869116
314 -0.0257028562927042
109 -0.162459781065586
180 -0.0120603390715228
175 0.0863780585225904
267 -0.11410868105166
88 -0.0479085983190613
85 -0.0044329371869129
163 -0.110397822121555
142 0.0280713276678502
91 -0.143341214283824
167 0.0305546630188667
103 -0.0516263605240462
41 -0.069626180252554
57 -0.0452106731568053
152 0.147402458800411
98 -0.018609950476888
181 0.0478704838558065
1 0.0245902068545448
150 0.0235043158230104
170 -0.0792926300248161
154 -0.0118269959724268
102 0.1492524433048
8 -0.0419201331575421
144 -0.0396219760165224
17 -0.0406337111171127
137 0.0235857200545158
4 0.0704395277711416
114 -0.091125440116643
157 -0.175758836021689
13 -0.099894311314012
64 0.0644539683201668
21 0.0367339488856219
42 -0.0629852422882541
15 -0.0721680698194685
70 -0.0439970395011824
133 0.0990502561404422
26 -0.0918147301762177
77 -0.0294644382746438
141 0.033486416167912
96 0.0276962436061381
149 -0.0159238704692858
36 0.292510133385708
161 -0.093320154216988
89 0.610482409088765
169 0.0525008527409435
40 -0.133917204674653
101 -0.149644412993609
59 -0.255858629689302
160 0.0298455373038383
176 0.0987311875084865
54 -0.0333170624329229
32 -0.00907529587795904
135 -0.161376226880469
95 0.122427236737395
120 -0.0845327433744636
72 0.346984225654833
158 -0.0678842031688565
68 0.158763543321088
18 0.00898948895235839
125 0.00711587984606401
7 -0.107964467357462
108 -0.0978782077981019
80 -0.00902733806509191
28 -0.000130294089879242
24 0.0385874522233518
174 -0.243512545194575
86 -0.152060651786077
27 0.348261130593214
146 -0.0156060810582428
38 0.0030694495815337
53 0.132774646560312
124 0.179589164311342
43 0.0879906808250546
123 -0.0552416053105732
126 -0.00235838858760877
132 -0.0528708804438195
165 -0.152765151701901
76 0.25706708841014
48 0.04530738976797
20 -0.0562777710616748
127 0.0385612451657094
113 0.0292298424177649
104 -0.0686822835753183
143 -0.0558332053514781
66 -0.0864303594386674
35 -0.0661554329336575
111 -0.139414326274252
134 0.142656753327117
128 -0.133872378232106
25 0.122593205781473
299 0.108957763416204
193 -0.137879047235655
329 0.0315216898750481
289 0.149729333729555
354 0.0801308638353339
227 0.172781371273382
256 -0.0766377305705087
305 0.0810450931373516
204 -0.0912693112584359
315 -0.0792389140305248
443 0.00648610997885239
266 -0.127198411768252
194 -0.107434833972342
316 0.0467341776231561
357 -0.0293932151499434
393 -0.100630595357585
411 0.087344110466255
362 -0.137726745882808
446 -0.114483372565285
422 -0.0205092769791624
286 0.00127487186389429
441 0.0429054741675216
344 0.0657938451386168
255 -0.0272684583262632
404 0.145550684598204
215 -0.215152100677169
228 -0.0688070803913824
262 -0.0906016208335024
230 -0.0214210136417156
355 -0.088702576843951
412 0.000909121512745853
209 -0.00700404456172843
417 0.245266588378185
332 0.210299676275589
184 0.0214294119272972
391 -0.177122479989699
295 -0.0974365259498767
263 -0.0650199209699
352 -0.147680605897241
424 -0.164398786902058
347 -0.0882215739178739
306 0.0146541156488769
448 -0.10565806400417
300 -0.0597266289234474
