222 -0.0537315227516671
277 -0.0148707726216419
242 -0.140969388029697
240 -0.0723335874680274
379 -0.086088372036971
402 -0.0265660065493007
224 -0.0821679169445862
239 -0.0577375645990608
421 -0.070716576841161
397 -0.0119798991764413
252 0.0355497750811187
437 -0.0438933257854891
328 -0.0429406358220766
216 -0.0482591116118029
220 -0.0652226810833773
380 0.0147571877279756
189 0.15576530194491
195 -0.00169783777664879
377 -0.0404593505339985
447 0.0915268608988454
401 0.00471588474328699
245 0.172084877266588
282 0.0111522744007303
403 -0.0460758506306412
442 0.531642143637191
307 -0.00908491914841036
322 0.0952713052501137
207 -0.0271780537502722
420 -0.09229966818019
390 -0.0136292787952084
320 -0.0794541942230939
308 -0.146303072790708
223 0.00112636932592815
345 -0.0233461003408388
399 -0.0154041506031653
337 -0.00809661543764061
374 0.0977996064960831
317 0.0290011036737594
326 -0.023134257703894
419 0.0914980291553686
365 -0.0276492883565848
202 0.136848098581004
285 -0.0209852240741928
208 -0.047807748857971
294 -0.0918463012482708
276 -0.102303047931271
186 0.282991648685563
268 0.181444546943879
247 -0.0583191398344939
439 -0.0567838379416535
370 0.0442587318391513
188 -0.0236447807975088
273 0.00387403823093153
296 0.0409014906499188
246 -0.0796732158017072
238 0.00330228101802221
278 -0.0614538125947099
428 0.0573956945099274
272 0.0208822455062455
259 0.216657659567405
318 -0.00916640116687956
309 0.0440535683125789
371 0.0360558371565965
284 -0.0774154699965287
321 0.0317194583231121
217 -0.0878669560666187
298 0.0794624325782945
304 -0.117562882628685
302 0.0679163578970154
197 0.109323487801083
418 0.019485365999575
257 -0.103350634217404
409 0.0172016418366429
434 -0.0153315322741506
251 -0.020852693105475
389 0.0376793062221386
201 0.0268887121141803
433 0.0151167120622015
210 -0.0350535288440052
405 0.0139917239484796
248 -0.0461682427750191
280 0.000222672268559583
327 0.1666728980281
375 -0.082360005516659
361 -0.115083803089886
358 0.0760988567181504
396 0.16828276447376
279 -0.0408092116573353
264 -0.115252208023971
407 0.0335051674950062
415 0.05529663684727
211 -0.0814865312581366
261 -0.0537548109821883
341 -0.0698339637896882
226 0.161708366436756
425 -0.0120154471448622
109 -0.0610920711571967
175 0.0163154648199717
88 -0.145944982187731
85 -0.0282914118877011
173 0.386458525935485
142 0.0181970462502139
178 0.0289243370469116
153 -0.0245418126736381
19 -0.11489101473882
167 0.0382519167881115
41 -0.042256183029327
57 -0.120037141358331
152 0.0580188518739899
131 -0.0570670111889646
50 0.0400792497183875
181 0.0736797648849913
99 -0.14795001931487
1 -0.0151770413553394
150 -0.0654614235710904
119 0.102470649977273
170 0.347087364523359
102 0.0370096765736141
8 -0.218109365486256
144 -0.00897593423079854
17 0.045111663694567
87 -0.140500615510334
139 -0.0652419235972235
137 -0.0426715211454905
4 -0.119860004558667
171 0.00833414785215037
157 0.0150254483724005
13 -0.0761842919128797
64 -0.160698789469128
151 -0.131198773389192
15 0.0881111831590138
70 0.128571736752561
133 -0.181556342840516
26 0.012589450708899
51 -0.0480461859083158
141 -0.00216543038181669
29 -0.0370395330858068
34 -0.0543211845597753
16 0.0223626861785114
182 -0.0419052429999104
177 0.0534353084507416
74 0.131699026197852
138 0.0290914558040145
96 -0.0906561530414499
11 0.256822751673085
84 0.244989114128502
149 -0.111225390280201
161 -0.0241475008638715
97 -0.0817987544679416
112 0.0178177126980006
5 0.00951619506841713
172 0.0388644512291934
169 0.177324472408945
40 0.15240652669894
101 0.0216235978412779
59 -0.0609972495989875
156 -0.0465725173069506
63 -0.0245652789435549
39 0.036130545100934
81 -0.0182037453351037
54 -0.0847752157699784
162 0.0408053280316417
32 -0.00613067515723021
135 -0.0398148168851801
73 -0.190822522692052
78 -0.0519200646975002
3 -0.0739883934773845
122 0.0411884972352788
95 -0.154456114803232
120 0.00169159627193469
62 0.197009052385734
72 0.120405296827042
158 0.000996964032356564
121 -0.0639022053626215
159 -0.0876607996927113
18 -0.101210521098762
69 0.0355320419589314
196 -0.0768581734816522
7 -0.130124590192765
108 -0.0928393376840856
80 -0.0514844633330355
52 0.133426344735801
92 0.133464744333027
28 0.0997559894396717
86 -0.046345197580351
100 0.0260085293169864
164 -0.0808680926441024
83 0.0253416283137115
93 0.452542014306944
46 -0.0847920913590104
60 -0.0775507808919885
146 0.0118796748811661
49 0.00606577649469014
43 -0.0543152449535781
123 0.208961782763774
94 0.014709449872582
33 0.115307070120538
10 0.00874040457932478
126 -0.0166712249322647
65 -0.0177301917981633
132 -0.107042390752352
165 -0.120668552321211
55 -0.0271208959896921
76 -0.0443409178020056
20 -0.154563505905158
127 0.104432897617371
113 0.156140940334398
104 -0.0114612354006109
66 0.010287725092126
111 0.00466450346278242
134 0.0331680292702943
25 -0.107223427918045
394 -0.100564306205971
45 0.0219253933053178
117 0.0528708085205308
22 -0.00446749344201459
299 -0.0395770248470886
329 -0.0171183929067468
289 -0.0785194133679337
313 0.00944984172691057
354 0.0959314709238548
227 -0.0472475473631529
353 -0.060277105239044
253 -0.0567937327071787
305 -0.0714684375103102
315 -0.0706750102043827
183 0.0427376334231165
378 0.13802703074259
443 0.0567498620367032
266 -0.165316365908394
194 0.0317087440397235
316 -0.0689623409827723
431 0.06641060388868
357 -0.00984862198757309
388 0.0648175835536423
393 -0.0276815632499804
411 -0.00312536312663308
362 -0.0515984475318733
325 -0.0827876472427041
231 0.0978950935523535
446 -0.0587026272502753
422 -0.0051957366634312
441 -0.0370932395772857
344 0.0132284969324395
255 -0.0477358564561784
356 -0.0235763203270514
275 -0.0457960099381788
404 0.0507163107534199
218 -0.0418280958439166
323 -0.0569004888175392
416 -0.0346328108927868
262 0.151741114081093
212 -0.0402420964187379
221 -0.0588833451493264
355 -0.0375815340251192
368 -0.120284544120242
209 -0.0248088851896173
332 -0.0245548507867554
213 -0.0408451275588687
303 -0.0751466413370677
429 -0.0383662572544304
360 -0.0268952574855977
414 -0.0156103950004137
359 0.29779219582562
219 0.0241432306492193
364 0.1387766205169
367 0.311068693518286
295 0.072271859122869
190 -0.0469271718844036
449 -0.0566353835241247
199 -0.0344928361031355
237 -0.0265977971926546
263 0.0420188730018759
352 -0.0305945027056635
346 -0.00684752692614684
424 -0.00407287503463781
306 0.0442985575450146
408 -0.148275005306584
448 -0.0659260129939377
300 0.0700272193516088
