222 -0.0708740924448129
234 0.123553373334211
402 0.288057957469204
406 -0.0979409074358998
328 0.0724799587785641
220 0.000129104777841125
447 -0.0878943541313908
401 0.122615302329812
191 0.00465853078917483
390 0.00130618081857434
185 0.0132540112920277
427 -0.00847739609168152
232 0.00319479399238103
399 -0.168726992111113
342 0.0563701022397779
349 -0.0978675274790962
376 0.125919477556404
419 0.0134631573815644
249 0.19041359516595
202 -0.0497304580131436
208 -0.122759557939247
288 -0.065898108784196
294 -0.0969053594604883
186 0.0312546972405672
247 0.118717982226852
246 -0.0398431621209292
278 -0.0272169032144063
440 -0.035186231
428 -0.0163245024848006
272 -0.0701011938037351
265 0.0262396542456936
281 -0.0544165498013931
309 -0.0394099478186744
321 0.121550223215661
217 -0.111386641012199
418 -0.0202996114920605
311 -0.00710509320518931
434 -0.0239458957991409
251 -0.0428870222911515
201 0.0957839524754445
433 -0.0877749079728546
405 -0.0926238177150366
248 0.0327188452317695
233 -0.148122059760587
264 0.136154877047018
407 0.0108020979125756
211 -0.0453429351801969
336 -0.00334515630189638
226 0.0747064733745778
426 -0.0910365965365215
319 0.0459892280223013
438 -0.0976263653169979
314 0.0454867679735523
109 0.0867863903691792
75 -0.0462645223190681
85 -0.105189484056771
173 0.0555274947740284
153 -0.0561291529155768
103 0.00502583886156542
50 0.246686250242702
99 0.183977543565165
150 -0.0725901786290685
170 0.0570988444489181
102 0.0076676072020005
144 -0.0564060953512191
87 -0.0357170104274825
4 -0.0235104580825807
171 -0.072287748531839
129 0.0720973002254153
13 -0.0157624582015956
133 -0.0230782429565204
26 0.106040544730191
77 -0.122770669238903
96 0.0386632086860356
149 -0.0291245545117063
5 -0.0248971472928743
23 -0.0609888513672531
148 -0.0504728129398324
156 0.0524615516857418
54 -0.0817369347290226
162 0.179543295195428
78 0.0228145437788116
3 0.0122449833054833
130 -0.131329042087149
121 0.0211072711691083
18 -0.162842981055474
28 0.159809761820617
100 0.15762652495204
37 0.0193644560750529
6 -0.105476454812127
27 0.0851378049897542
118 -0.14365899048514
60 -2.63858669194263e-05
146 0.00783315592609892
124 -0.0418452572644875
123 -0.104006991225773
94 -0.071352763633422
147 0.0894793323771105
33 -0.130838809404552
126 0.09050688187304
132 0.231221038839309
76 -0.0821898149444791
113 -0.0209738075041906
116 -0.0816299739020725
143 -0.0250134554317146
66 -0.0959589031547915
106 -0.128495476230866
128 0.129958127171489
25 0.0838856762901871
324 0.0358399420925646
450 -0.079600435659888
299 -0.00378120431916291
329 -0.0384618538346913
354 -0.0903100749027473
381 -0.0074446277179302
310 -0.0680379445023772
183 -0.0444910172075934
443 -0.0149055627419131
266 0.0307022574728183
194 0.0335725723419517
431 -0.0424083557720847
357 0.0925986731192295
388 0.0202133612275997
393 0.084429877588758
362 0.0382865406119156
325 -0.0415842421210427
231 0.0293713857623355
286 0.0933646659603389
344 0.126180467157832
356 -0.103076909054532
275 -0.0534911116381245
404 0.0125419976910311
218 0.0297129031022386
416 0.0380720997106767
203 -0.0352817285025273
384 -0.0981333032380692
355 0.104524248788825
412 -0.0992577247975008
368 0.0922057843467457
213 -0.0275440085433731
184 0.0294058342981395
429 0.0634354885035789
436 -0.0375331978761078
199 -0.0579911255057256
237 -0.0791132423551258
271 -0.0521096064916458
347 -0.122897831847627
306 0.302892675844651
236 0.106353334835898
