340 0.00663984894005669
222 0.0606623465060932
277 -0.025768289118609
331 0.029422978208691
224 -0.0315101632523904
239 -0.0427067086985681
421 0.0422729586754024
397 0.081482318868924
252 -0.0874063936422234
328 0.160600362810769
189 -0.0464802415686736
401 0.047627852024271
245 0.0585450955040858
403 0.0016635850994934
307 0.0959083667056696
207 -0.0155536154799205
420 0.0412236207095939
390 -0.0325999789839004
350 -0.0288779862179837
308 -0.0515814443027307
223 0.0352906428084824
291 -0.0909315553719466
399 -0.0249501259833433
374 -0.0176648938789832
317 -0.00649114871011992
342 0.00760855000435776
225 -0.0687438967221926
326 0.0194896320356172
349 -0.10856443147582
376 0.00977482104847783
419 -0.100709184701112
235 0.0443145425357746
288 0.139036457638951
276 0.00912704439081736
268 -0.12888474492943
296 0.00504869783798527
440 0.00330408034756468
259 -0.0963746537431917
270 0.00397171425574497
371 0.145875983633317
217 0.207015626439694
298 0.00127614903649726
334 -0.0333549806330636
409 0.120511989410935
434 -0.125020117039659
433 0.0236550200955297
210 -0.00780637315140898
248 -0.0280298032066715
254 -0.0318103711596227
361 0.22762134907695
415 -0.0612047932472381
336 -0.141711060426931
341 -0.0263569873615988
226 -0.0219968543323678
425 -0.00464770193011416
319 0.0637124772257399
330 -0.0742267623284479
314 0.00534453372222392
100 0.0151038975115042
83 0.0584644906041787
27 -0.134510301415922
53 -0.0590530310777424
43 0.0160022634775735
123 0.294602761722937
147 -0.061131360076549
132 0.0215132834061278
76 0.177829803328578
20 -0.110004171029276
127 0.146641292932363
143 -0.0469248940307381
66 0.136871408690687
106 -0.114307359387802
25 -0.138133899285526
117 -0.0808244623426365
450 -0.0448664412769791
22 -0.122139723027758
299 0.160867875122507
329 0.141465730183883
354 -0.0929692436251842
227 -0.041427039600271
381 -0.0965452450838813
204 0.0310226498480092
315 -0.0823386168250834
183 -0.014405656105893
443 -0.0688125688929281
194 -0.0614637539281087
316 0.0487764326416213
357 -0.133479333873159
393 -0.149634030268726
411 0.0624858159713633
325 -0.0327976995537136
446 0.145580674785532
422 -0.0283520472147172
286 -0.0808043979451671
255 0.118875486916049
404 -0.0100682078809334
323 0.108829706468361
416 -0.0917308450609666
258 -0.0550379998471409
221 0.130832267404893
244 0.00631238186162943
355 -0.141060849789094
400 0.0519906944822164
368 0.0322242469066677
417 -0.0551870104411575
243 -0.0818158488550332
303 -0.040559533214766
283 0.186080606624844
429 0.114588359290164
367 -0.0178125005242708
449 0.0425899706044427
237 -0.1043883526355
346 -0.0287839000369084
424 -0.0604458521065641
347 -0.0489144681003187
306 0.248060737148012
408 -0.104410541760678
236 0.00146496418750042
