222 0.00964049818283115
297 -0.11742542980273
240 -0.0651298334123601
379 -0.105866553483654
430 0.127175552608221
398 -0.0167816264740473
331 -0.0190434212216124
402 0.230902912254822
224 0.0239481692229942
260 0.00556013947463082
239 -0.00575575221500592
421 -0.010031225706241
397 0.0165175560179237
387 0.24060875635948
216 0.372258963278246
189 -0.116781147603818
195 0.0249694504822618
401 -0.0324679854327881
282 -0.0574492183624758
307 -0.0970415817244489
207 -0.0341524066736493
420 -0.0325893702581381
350 -0.0571712773283148
320 0.0263890972834468
185 -0.100514057077444
427 0.0497309551222841
445 -0.149913919514691
232 0.0554952912722906
399 0.21053677506495
337 -0.00236770767653648
374 -0.0217484333131128
342 -0.0214435309082697
198 -0.044590159129063
326 -0.0411217666492054
365 -0.0676179758370999
202 -0.0475717819995023
208 0.12525974435731
288 0.109602341824025
294 0.0242235113545092
186 0.00145312247079294
188 0.0581321686563582
296 -0.0554827876405122
278 0.0195381634813393
440 -0.0390626262098044
428 0.11667416833403
272 0.0175211840109382
270 -0.016045523075803
281 -0.144448816599874
309 -0.0605537114419369
339 0.0734372132014759
321 -0.148335490652952
217 -0.13234255070176
298 0.294616204770408
334 0.0254710075819173
250 -0.0423280814422477
304 -0.120301593860203
302 0.0129038798467646
197 -0.0286288083329235
257 -0.0728602925232384
311 -0.0650906826212105
409 0.0404017556122395
251 -0.195384241709929
389 -0.122865626243554
201 -0.0762976654153837
433 0.319643939364367
248 -0.0105894412569442
264 0.095727845912386
415 -0.1200775942963
211 0.0576095750058128
261 -0.0193834983036941
336 0.0154049181102085
319 -0.0114706817675273
314 -0.0183208898017071
175 -0.0815627522172966
88 0.0113031639559005
85 -0.019409979687488
178 0.117888438002935
91 0.0972849896101299
19 -0.0116209945661353
167 -0.0310320154594603
152 0.0659998102674351
131 -0.0641664641256179
1 -0.0473123739283851
8 0.12970663144566
17 -0.102404358614436
137 0.0237978339635415
171 0.0189225319086561
13 -0.0914425327371848
21 -0.0492837063295308
151 -0.00321772686021489
26 0.0149365533725138
141 0.0918232364739855
34 0.0168058250737516
182 0.0125360399002034
74 -0.101378387399589
61 -0.0945441447336805
149 0.478072027476052
161 -0.0684869647163776
115 -0.197529924522956
172 0.597171189237311
148 0.26144301523111
40 -0.109442729873362
156 -0.0831187193051806
30 0.104292935337096
176 0.0363118317807509
54 -0.121415797559814
162 0.115899567167934
135 -0.0905163889352562
31 -0.151056432452376
73 0.0755557772032032
78 -0.107913760928643
122 0.098843363990218
95 0.16283266345624
62 -0.127592254917996
72 -0.0339930340108672
130 -0.0220905388017919
158 -0.100322595805713
121 -0.155177040988355
18 -0.069846666648157
69 0.0303526253139443
125 -0.0222583148459918
7 -0.142375515657411
80 -0.0694537442234172
52 -0.0358822407706084
28 -0.0944536108778279
174 0.130719082473672
100 -0.105511757958668
27 0.0237675703900994
46 0.0452139271429143
49 0.218935696161829
53 -0.0545241264756622
124 0.0668516831353176
82 0.0184028772078325
65 -0.00583873542786047
55 -0.00550405633648797
76 0.000115269871071167
20 -0.0785081453439123
127 0.0953772149418658
113 0.0541274176795429
104 -0.140059764042546
106 -0.0525390329941715
111 -0.0949135112140869
134 0.0553557825059216
128 -0.0907855467891417
25 0.0781825759210533
324 -0.0605576808571257
394 -0.0352401683941312
117 -0.113781996729617
22 -0.106560761786415
354 -0.053405904771291
227 -0.046277071414378
353 -0.0370111639904388
292 -0.0947803386223418
305 -0.000728386901095405
378 0.0794205874543341
266 -0.0744091238909492
431 0.0579735997974065
393 -0.0977432072945862
362 0.219301958212972
325 -0.117214316794369
422 0.0250950792852298
441 -0.0265642618997367
333 0.0998305773102415
373 0.106709043168877
356 -0.0886608706471972
187 0.0690915301754375
218 -0.120298844097512
323 0.0714364274759012
258 -0.0971418072109006
262 -0.102982492181358
212 -0.045581229125254
384 0.27406860977503
213 0.026193678261017
283 -0.0675320393233955
360 0.0664813943696204
414 -0.0585270010484441
359 -0.000888981162656013
436 0.00818624522153471
367 -0.0781778124968524
295 0.0966018567954702
449 -0.134530516483881
199 0.0768063310024355
237 0.0262083151065088
392 -0.0886444447502903
346 -0.0457689173275364
424 0.0661345654786623
347 0.0781921219291401
408 -0.0540950520809726
236 0.148973836569379
448 -0.0068522194400606
