222 0.18847961315528
277 0.265915850094867
242 -0.0630441312303964
224 -0.163514718739679
239 0.143197247579771
328 -0.226494328695692
380 0.281427839717902
401 -0.0682343859840828
282 -0.172525963890939
420 -0.0219211650081921
320 0.106342743604966
349 -0.196019646452312
208 0.125566564813032
294 -0.239177473628465
186 -0.203741795679621
268 -0.0777707617993517
247 -0.117326270810153
246 0.110332376804959
385 0.144370249686882
440 -0.0488281319348995
259 0.167986600712614
418 0.180097720980793
434 -0.0341371304101777
201 -0.112748096192587
327 -0.0629629649873709
361 0.0385985410221646
279 0.337332159279725
44 -0.0606566688723812
6 -0.129507056935366
27 0.101611483007816
60 0.0732229866328024
146 -0.0674663384574773
49 0.0548165077876192
38 0.405075276303432
124 -0.158632639872962
82 0.0973376669246888
65 -0.156459653244368
116 0.0942342451142887
25 0.0838837218271085
117 -0.114312484124046
22 -0.223147046091155
193 0.0861939219810853
351 -0.237035614651437
253 -0.0506148245039259
310 -0.0779539834984808
183 0.161515186164496
443 0.0917585003897537
411 0.1362963311081
362 -0.152091125258031
422 -0.10712557203222
441 0.0759718162739007
275 -0.127746013078823
404 0.0412435435423081
416 -0.0319737718879811
395 -0.00879458696863161
244 0.0448077091675572
355 0.0495318136265885
400 0.0798778861532059
368 0.0452905111240213
209 0.0289711996229404
332 0.0161363172206094
184 -0.0880509096118351
283 -0.181884298144621
429 -0.157498000041057
364 0.0492993877216873
367 -0.00687165106411649
237 -0.0540386190353177
392 0.132741858442301
424 -0.0986841658271373
306 0.0746221875896954
236 -0.01509557653367
