242 0.131554167125963
224 -0.00641028174780496
328 -0.0613634295516363
189 -0.190408192358995
401 0.26071745814723
245 0.0469280587715736
420 -0.180820674671402
320 0.241820682470494
185 0.164758178163388
198 -0.103128859886058
326 -0.0302194539369423
349 0.287877067172812
365 -0.00108871006213329
208 0.04162791418919
186 -0.251526735115624
247 -0.0865900764033651
385 -0.0595222022228669
440 -0.0753656355999731
321 -0.18088950581523
327 -0.351503731102729
407 -0.00835430135423652
261 0.379605252623187
336 -0.0285838682624553
200 0.0344617206954427
85 -0.0430591542201536
167 0.0382715482838956
41 0.427405293710131
1 -0.175164211919719
170 0.045003920926534
17 -0.0637967473586684
87 -0.0378282972988841
64 -0.103841645589723
42 0.0510671012538352
133 -0.0334393793667161
34 0.0163316117933579
12 -0.113386477961179
16 0.0147050760223865
168 -0.223516149145929
149 -0.226948075596914
23 0.0200990909609079
156 -0.0683077142972985
39 0.481596123515086
62 0.14260831663686
7 0.403673458030385
92 -0.0378496385234097
174 0.00485223565458264
44 0.0400749043583703
6 -0.0536476001627667
46 -0.0916914349231777
53 -0.123674279722409
147 -0.0835087296701382
35 0.137572565675081
128 -0.151665069168921
117 -0.191936641895407
193 -0.127096315497709
351 -0.0185567737786391
354 0.0595251933642942
256 0.0813402880344374
353 -0.0617536431123303
305 0.276674032677831
310 0.0774189736778951
183 -0.0782042325743381
378 0.0991718955106505
443 -0.341394893663532
266 -0.085347777524033
393 -0.016033661812386
362 -0.123637391372273
325 0.0650195185575824
422 -0.150022754161508
255 0.113976891956291
275 0.257882871739257
215 -0.0112504863787477
228 -0.0903891860081112
244 0.141595851791685
412 0.0578309769108874
400 0.107435539888831
417 0.0111349777578014
359 -0.0185891798828294
364 -0.0555373840404308
237 -0.301674946278739
306 -0.0433011245672573
300 0.20020789751759
