277 -0.11050000360927
398 0.180146976492778
224 -0.0420821869871719
397 -0.076758439403068
328 0.0849913521033266
380 0.159640983384235
195 0.0352611305212808
401 -0.0617982882547937
191 -0.028922688413821
185 -0.0222548588548249
399 0.215354112290397
342 -0.00905424875379553
326 0.000288069430928054
349 0.0406305665182719
293 -0.0624347499981882
294 -0.139218615723772
186 0.130205187298599
268 0.110609358784024
246 -0.0771083130806582
385 -0.0100145228457317
278 -0.112468699868138
440 -0.0509478834260385
259 0.0162848491794761
270 -0.133163165763619
217 0.0209240987446032
418 -0.000179115656452188
201 -0.0727721845200276
361 -0.106546135169376
396 0.172866215753084
279 0.253153308934173
264 -0.092163390804962
261 0.0283044163538667
200 0.047000981823398
142 0.0533224418874901
1 -0.152350340615877
150 0.00943960896912434
154 -0.0254375598091695
102 0.133930483937708
17 -0.104570170656142
87 0.15624559063344
4 0.105848521189013
129 -0.0449924579436274
114 -0.0684922610371419
157 -0.0563776424098479
64 0.251378601145317
151 -0.0869955157510239
70 -0.0567763831500998
133 -0.0848495608712014
29 0.0221646432535504
34 -0.0961310648793901
12 -0.0750427698347621
16 -0.0965861041259667
168 -0.0519278155533179
177 -0.0408014143586135
96 0.117964345756327
11 0.105731140410034
149 -0.0712666383118195
161 0.217184339617819
89 0.0492108048406964
148 0.292172064713329
59 0.100812638675381
156 -0.118626663789106
160 -0.0683153766143884
39 0.0116736134212087
54 -0.0588047011482232
162 -0.037351683235025
3 0.0580446855937243
95 -0.0384515084241647
130 -0.0701421012638248
158 0.0190718035615756
121 -0.0646105956918142
18 0.0866237743218635
92 0.0807409342867338
28 -0.0449298459625134
86 0.0488857377124867
44 -0.0862855642454008
6 -0.0962030797913309
60 -0.121888285795559
146 0.00185728628858136
49 -0.00673509677068874
38 0.0644263871163854
43 0.00888767274175513
65 -0.015810358347777
117 -0.0548645596857284
299 0.0935288963546407
354 -0.0238290102513881
253 0.0139671102869187
310 -0.0512555452861486
183 0.0196472979668253
378 0.0239411454180678
443 -0.00939063379524247
266 -0.0635422710039556
357 0.0572084570596284
393 -0.0955270407085955
411 -0.0892114570528112
422 -0.050464619929921
255 -0.160955031513204
373 -0.105009483915531
404 0.207488305737413
218 -0.0948883502091068
262 0.0268924572655207
212 -0.0850744012637784
221 0.00373533768224333
244 -0.081032980308728
355 0.163444106593417
400 0.329456293610021
209 0.0661685151741944
243 0.0720081881382069
366 0.0278923899550295
364 -0.203396585568126
367 0.0510348312368684
237 -0.132375872337528
392 0.00541739921715056
352 -0.0248552010903627
236 -0.0834113987911018
300 -0.0948849651493504
