372 -0.0478552702989714
297 -0.0277802248036892
398 0.139205573727552
397 0.362501176041596
437 -0.157487600956654
328 -0.0501544043997373
241 0.0474108276589005
189 0.243479326361576
195 0.091687226793609
377 -0.0429753876342702
447 -0.102274325689561
401 0.0311069009002722
307 0.0495782724602397
390 -0.0609083975880496
350 0.0903469830011693
291 0.0670206401141021
445 0.0673720034427343
399 0.000974566479810171
225 0.15376394583277
192 0.0167621067495022
293 -0.0327539898623266
186 -0.0623534966891446
247 -0.104676861018108
370 0.0230298227412137
188 -0.101518546179208
290 0.0897802757111523
259 -0.0192498441392126
217 0.0606691544896747
334 -0.0417796381715748
304 -0.100822156277494
302 0.24592661401462
418 -0.112687651738822
389 0.118365308145428
433 0.0176945507983338
210 -0.0428128501106232
405 0.0509343772445397
341 -0.0423505680936427
438 -0.169441165080218
109 -0.0744173885916957
175 0.201765650701105
85 -0.0477212197105259
167 -0.100369548228946
41 0.0360366943629134
57 -0.0618382103715489
131 -0.104231129154945
119 -0.0576797657510241
144 -0.121436573909843
4 0.0512368865917984
64 0.0381167353484724
21 0.00323954506920805
34 -0.11761977741862
12 0.016619836397417
96 -0.0504115757953632
61 -0.0319694348480722
36 0.0156690962648968
161 0.238251312439742
169 0.132953287598698
101 0.197382648961615
156 -0.0642463995863799
160 -0.120934914763003
81 0.00737631654824879
176 -0.0479474182279855
162 -0.152551152670904
78 -0.0743758678170281
95 -0.00345413903800101
72 0.0825040828137879
158 0.463213943840662
121 -0.0570018723114008
108 0.008915041329266
92 0.176465202232716
100 -0.120783019042452
83 -0.0266363413044357
6 0.00521319983215515
49 -0.00964947882894972
124 -0.0707757288441852
123 0.0312917940450706
107 -0.00455866353584191
126 -0.0694621341167801
105 -0.0966588795542423
113 -0.00876405653812601
104 -0.0550800384347717
25 -0.135368127977406
117 -0.0219181304754004
450 -0.0627338127457626
22 0.201609712470104
348 0.0146726390724747
351 -0.0166714731894965
354 -0.0993107052247674
227 0.129224462781666
315 -0.0180903916715859
316 0.0167982332096835
357 0.150500548613246
411 0.0697243653220756
362 -0.116992721376271
446 -0.0982811881350289
422 -0.0435036947249808
441 0.0224992775143177
255 -0.054472692316167
333 -0.0827593214214103
356 -0.039330526026332
404 0.112950966847099
218 -0.0420765944950122
215 -0.0240801661969506
228 -0.111217763676897
417 0.105614655815732
213 -0.0986655807655309
243 0.0797013963977445
303 -0.0688754773679659
283 -0.05974734567892
429 0.0331889759729575
360 -0.137100614883165
449 -0.0166799163843228
271 -0.0793593156615164
347 -0.0924281831567147
236 -0.0202253104256864
