222 0.00893480575452497
372 -0.0164463760213029
297 0.232897974265334
277 -0.0587687097371709
242 -0.0955470968345961
240 -0.090415049168473
379 -0.165805589783456
398 0.0824157916693239
331 0.174878839360538
224 -0.0573499412036961
260 0.0806235198816607
239 -0.0496210152412892
406 0.344860819123229
397 -0.0590797777595689
252 -0.124663230331626
387 0.00392782473338431
437 0.169489830119859
328 0.031217595709134
241 -0.0410129976671861
380 0.0325077708327189
189 0.0887862994068595
195 0.000544896851443696
401 -0.192611545778507
245 -0.0137993500611218
282 -0.077892129130836
191 -0.00344205603173995
442 0.152188661169216
307 -0.0626109226413921
420 0.00635165177452041
308 0.191332136010184
185 0.365273343109211
317 -0.081781386014433
342 -0.0320285537663311
326 -0.131510963466882
349 0.0123444675375832
376 -0.0636131746599057
365 -0.0464882709205078
208 0.300879474114324
294 0.211961188661414
186 -0.134995010205703
268 -0.068405466275716
247 0.234070211492032
370 0.0533901710535911
296 -0.0519144419879275
385 -0.10981762056877
440 -0.0559370534079133
272 0.022569997954408
290 -0.0635689289111028
259 -0.0536812266787502
371 -0.0972821011737363
298 0.0630341642316041
334 -0.0726358235871007
214 -0.0739089006128394
250 0.0441326976625458
197 -0.103154498288044
418 -0.00192083155504988
257 0.0439444218182762
434 -0.0562770210290244
251 -0.168929177882797
201 0.0186922372524064
210 0.0781734965997843
405 -0.0246639482777314
361 -0.0315485947069517
229 -0.0287855305771387
279 0.0386999031077753
407 0.0611111449875933
261 0.0168476132481914
336 0.0804157573223751
341 0.0696465373920364
200 0.0782446815468852
109 -0.13456378104664
175 -0.121795221099927
88 -0.116249191363991
142 0.144517784837932
91 0.18529175674852
167 0.0444643113952533
41 -0.0936085303079656
57 0.144602002143752
131 0.301807654544161
150 0.00335488108137698
170 0.23649430476389
154 -0.103342401072912
102 -0.0313411256068118
8 -0.00645559803129791
137 -0.0155334905459927
171 -0.085772233663386
129 0.022350191790292
157 0.0218990051792999
13 -0.0607041082334689
21 0.214044095429674
42 -0.00602156841806645
70 -0.0844855596786405
133 -0.0096196058093812
51 -2.24773673012648e-05
29 -0.0710709834577377
168 -0.139190678626778
161 -0.0553016356615371
89 0.0414231916647076
148 -0.227574035155319
169 0.633096635805315
40 0.31211316048477
59 0.0388138885869075
160 -0.0460316089612344
39 0.226277363945599
136 0.00175364819156841
3 -0.101227176334371
95 0.0227048260786775
62 0.0943072866396046
72 0.018009951123767
130 -0.020736071097759
158 0.00643815163667659
121 -0.00604927602662577
7 -0.13731386382183
92 -0.171323240499075
37 -0.188929470505973
27 -0.0216074779969148
46 0.0376525036443965
60 -0.218176233879083
146 -0.052206986502519
124 -0.0341486377550802
43 0.0190746518411204
107 -0.0318638799870413
33 -0.0669523201662606
132 -0.0440027733063806
55 0.0980853396148431
76 -0.0575769275659613
48 -0.0236004818399868
35 0.00966612800842286
111 -0.0107637204257761
134 0.00359037860364182
25 -0.131295796029424
22 -0.15537492593572
351 -0.0796893089657557
353 -0.00694809980783392
381 -0.0123918618455703
253 -0.039548774366437
310 0.0827875163789255
183 -0.117139057204224
378 -0.0268338299970964
443 -0.0586182916150899
266 0.0171821525225401
194 0.0301033355404415
357 -0.0852176556513747
411 -0.0496865357897705
362 -0.120237239973835
325 0.101937717842816
446 -0.0680073613169853
422 -0.0910001913717341
441 -0.0659959639296441
255 0.111705315832134
333 -0.0834015935736521
275 0.0195741677336202
323 -0.115821417265384
416 0.0773417289494913
287 -0.0016752780687229
262 0.117971798733451
384 -0.0562516307862598
244 0.0955843578758128
412 0.0123979215376393
368 0.0216789939696915
417 -0.0725683322424575
332 0.012244296804934
213 -0.0476420225108204
243 -0.0340474150896337
303 -0.0242430704669869
184 0.0428513102629546
283 0.0191108106637995
429 0.0311602890359341
359 0.104451485419437
295 -0.0942347155160296
237 0.0736182349075803
383 -0.0965713819891474
346 -0.0742781826742341
236 -0.121724340490113
300 -0.06040349531006
