372 0.105250471639165
240 0.192762078721008
430 0.425938552085483
331 0.37670215140802
402 -0.0608548453490313
260 -0.19277745766479
406 -0.116727804675769
421 -0.220082805493971
397 -0.0845545357509562
387 0.165634124880064
216 0.0840672991868836
220 0.173582084201408
195 -0.248364714956733
377 -0.272866206397148
447 0.0661095718064406
403 -0.256254878604096
442 -0.295433169290572
206 0.0560508136844705
291 0.250809926573044
345 -0.0363085301895235
427 0.292325964615667
317 -0.00268606865303845
342 0.061318703105012
444 0.214272040538945
225 0.169532797659424
419 -0.136915858818292
249 0.0199029406448338
202 -0.149084791647336
285 -0.0574672080292826
235 -0.183576249076019
386 -0.0332293071591612
370 0.00783553279509394
188 -0.202771497613601
238 0.467407403707481
428 -0.0221458257810582
272 0.222137480700816
318 0.108429584138638
309 -0.0115443846815964
339 -0.0353638871223794
284 -0.333449685955279
298 0.107707422685673
334 0.249446779577454
257 -0.218687118063173
409 -0.304912022525722
389 -0.0091734512906479
369 0.384388442774937
433 0.0654377273332258
210 -0.104854032396831
405 0.132009214985753
248 -0.340419283736082
280 -0.0985408492016768
358 -0.0900738150782085
233 0.0724041806593931
264 -0.0854953991408165
341 -0.0679395596074352
425 -0.0764072498099489
338 -0.0697295456473186
301 0.00944454100015229
438 -0.0299279904175918
109 0.570495737692631
180 0.109470340165878
75 -0.19818378389684
88 -0.292613936994617
99 0.506140954176178
71 0.256215735734771
2 0.0801036536687998
13 0.145915385947356
15 -0.29912930797616
145 -0.210047637120076
182 0.266503742196265
47 0.489020158728631
61 0.113446421489798
84 0.145330224725753
115 -0.246048358436136
5 0.0402428093145742
176 -0.288612885883486
79 -0.51996954887799
120 -0.0332226675411601
72 -0.228545474894051
125 0.0133464470970886
164 -0.0786266069823191
94 -0.0822714560045953
33 -0.0883812390605626
105 0.174024732182486
165 0.0828428119139426
113 -0.301290685453237
104 -0.211005910906612
106 0.0798176413122063
111 0.00503270368148561
348 0.204989197744664
335 0.254908972540096
315 -0.0672254207712746
431 0.170189742900192
344 0.0152387113858197
333 0.0962424063802972
356 0.0268496676702455
218 -0.0596616811564619
323 -0.243425709195568
360 -0.260473270815478
295 -0.0116431083180634
346 0.0611054922873066
408 -0.0266496085095436
448 -0.192733193425631
