240 -0.079142417320099
234 0.104733057824739
398 0.032177652988644
239 -0.122745669885691
397 -0.0724477866692781
437 0.0944786308984416
328 -0.0318957127237891
189 0.0737530048165942
377 -0.050371449634482
447 -0.0164049918532867
401 0.00194170212810595
245 -0.126318801290154
442 0.0887958279350287
420 -0.0828446018041432
350 -0.157808657675722
320 -0.000463473719489352
206 0.288888172625977
308 -0.0143013801495169
291 0.0198729884464746
427 0.00771593355283635
342 0.0088962363277338
444 0.0625575340377187
225 -0.0168482681194958
326 -0.0947514718438774
365 -0.0376246227980064
276 0.0958276707001617
268 -0.0595360109233851
188 0.000823257000057085
274 0.121707494250899
259 0.0175467097380132
270 -0.0576886953467526
318 0.066879389830596
434 0.0570715239481716
251 -0.00120997932619429
201 -0.0895688894559326
405 -0.0273164691429518
280 0.0920398326237496
327 0.0114284366739229
407 0.00190903026353928
336 -0.037084124321095
163 0.0311837613776615
178 -0.0801827607887776
91 -0.0235644524689818
153 0.0576554929402934
56 -0.0184711035720904
19 0.046747995450757
41 0.17443979695116
57 -0.0790540710106178
131 -0.084762687741424
98 -0.125216867022295
119 -0.0390764377489504
87 -0.122824086768726
4 0.0555289595411862
129 0.283158509545111
114 0.184088870116249
157 0.262082897390262
13 -0.100057600316792
21 -0.0131490888914709
42 0.0123228687097738
151 -0.0233767839305513
15 -0.0797487382272619
51 -0.0499828527753178
29 -0.013054805775231
34 0.355608265170753
138 0.0728349666914916
96 0.0921443493591194
11 0.118199315826789
161 -0.116853560728396
172 0.357604378019557
148 -0.120342323251715
39 0.0160326693952468
176 -0.0428625416629214
54 0.181129356479242
32 0.00120670847307378
135 -0.0375792472087265
95 -0.0106758223653151
159 0.14234160416908
18 -0.137329141832636
69 -0.128157203394833
196 -0.0710090264604707
7 -0.147740650446131
92 0.0479489279737201
24 -0.0964485067218159
83 -0.11060520273697
37 -0.0126895531175625
6 -0.00583398287708377
166 0.017341391621489
146 -0.169774147335347
49 -0.0039668881210455
43 -0.0317716687990394
123 -0.0611449004424073
94 -0.0524867944372246
147 -0.0751892706408571
107 -0.0708954052246011
33 -0.00622642656730468
65 0.0722782763395828
55 -0.0465990213533769
76 0.0667538224819776
116 -0.0858248156715913
104 -0.0523326104660935
143 0.0378694690903196
106 -0.050407466147413
111 -0.0644534657122501
128 -0.0957896988127498
324 -0.0829989056748801
394 0.304362818273747
193 -0.0404093222143031
351 -0.0440608302298377
313 -0.0294792908911319
353 0.203362454648434
381 -0.019331245510822
292 -0.133900578474436
310 -0.073451121097754
204 -0.09970673636503
183 -0.0330819427000009
378 -0.0415433709328582
266 0.290849946106325
446 -0.00365409880364259
422 0.000604550927129852
441 -0.0173907481337581
255 -0.0426042670663358
356 -0.0343762955146152
230 0.0208404981561956
384 -0.0581549171783263
400 0.0246032837715092
209 -0.020723083742847
417 -0.0685071785674776
243 -0.0277715129339601
184 -0.136276076511868
283 -0.0129954488423333
360 0.242323261242956
364 0.0230756960171358
449 -0.0446342852658998
237 0.00397337728107109
392 0.0215067828684197
263 -0.0721129987883972
