372 0.125615005184674
242 -0.0263333926502618
240 -0.0713142022998348
234 -0.00148887062378166
224 0.0492209298848047
421 -0.00282197236553687
387 0.0860995266030291
437 -0.0649306512505228
241 -0.0387452039404436
216 0.15946612654169
380 0.05386645627827
189 -0.0628875200643386
401 0.0310836614386388
245 -0.0929651657851199
282 -0.0223465516499098
403 -0.115463682541669
442 -0.0951974667052221
307 0.209652461529213
320 -0.0588378204738303
206 0.0530259277469517
308 -0.0156994880706268
427 0.288177820183778
399 0.00869502521534015
337 -0.10945720480193
374 -0.133068742753686
342 -0.0418094685668182
419 -0.0309903294183174
249 -0.0566878687898128
285 -0.0678748263637961
235 0.209892868377501
288 -0.0523301694925069
186 0.0241107604145082
268 0.0361933603807345
247 0.0871087257172109
273 -0.112734897341836
246 -0.0511337071417127
278 -0.0432086083382364
440 -0.0287797105099028
428 -0.104596311025279
281 -0.0652987401456114
309 0.0263268944059887
371 0.196045877767873
339 -0.0302052859526797
321 -0.0161980180440438
217 0.0465221551467996
413 0.016299400083721
250 -0.0289524191134056
304 -0.0976786472510641
302 0.00967463789892452
197 -0.0712503872805497
418 -0.0784429355538452
409 -0.036983505349046
369 -0.0189940982079352
405 -0.0513664738131614
248 -0.00477269074975016
280 -0.0456090194957492
375 0.129442522566124
361 -0.00500446083259975
396 0.220752797292565
264 0.0913571028546171
211 0.0525420384419302
261 0.0474660644149337
336 0.0228302187176504
226 0.0352703020557299
338 0.0130341911552248
330 -0.0479712552763084
109 -0.0303653420612679
88 0.0476507702545449
85 -0.0398400447340643
142 -0.0449123643685899
91 -0.0731060793213208
153 0.0005030264044862
41 -0.0524539394509242
152 -0.00483722552245473
98 0.00132916013685417
181 0.0134307936788995
99 0.0443920137355107
1 -0.0388358962909148
119 0.0480832323514428
170 -0.0593187955245184
154 0.108739311117233
102 -0.0711005774336529
8 -0.0196333843663748
144 0.0217230215395839
17 -0.00125683131635737
137 0.144104294196883
129 -0.0255057625882579
114 -0.0909999319123642
21 -0.0269154047159529
42 0.0341444808302839
15 -0.13091412510372
141 0.0160417952096662
29 -0.0240420746734689
34 0.113711442317323
149 0.0669079579853845
5 0.0566111950970823
172 0.0792924346381711
40 0.0242936473208798
101 -0.155354826035002
59 -0.00122522298476176
156 -0.00965015689666137
63 -0.0275781312569045
30 0.0603761819774009
73 -0.0185432071925654
78 0.00846948491944691
3 -0.0917981667908664
95 -0.0492169221140638
79 0.074014987389097
62 -0.0860874506146267
72 -0.0128386228546165
130 0.15663581061282
158 0.0684922212515683
69 -0.00710251128037826
125 0.15582620703377
80 0.00434866730466514
92 -0.0564184514389604
174 0.0711180345367867
164 0.0461067933022272
27 -0.0598982652470434
46 -0.0156942688535295
118 -0.00558848192424597
60 -0.132367312554681
49 0.161229307999926
38 0.0331723919196899
124 0.0889460420131093
155 -0.042458325498712
105 -0.0373673381576737
76 -0.0476494038415632
116 -0.0409489438847714
104 -0.054276165699753
66 0.0541684499334382
25 -0.0226718550084243
324 0.126348728566267
117 -0.0950913474941653
450 -0.0211079582756058
193 -0.0604001825463385
348 -0.113790921811457
329 -0.042700994758211
354 -0.094444885599225
227 -0.117929096701933
353 -0.0095219735016745
381 -0.0963754742451531
253 -0.0816605246363227
305 0.0696621657157778
310 0.0670236750696723
183 -0.0841475357613656
378 0.0543094286145717
443 0.0245939693651167
325 0.139894969866963
446 -0.110032938847603
422 0.152585558079862
286 -0.00369428352208576
344 -0.0500240622886489
255 -0.0393966179007617
333 -0.0293616551580812
373 -0.12772328453898
356 -0.00336910286439359
187 0.0810619620999876
275 0.100947095053741
323 0.00150714056100943
287 -0.0339241943751892
395 0.143467669738719
423 0.101859853622352
203 0.0435580465853265
205 0.0138402736916209
355 0.038886314413094
412 -0.017903740543991
400 -0.0797852937325427
368 0.0564968619480873
209 0.0157138137050431
417 -0.0860453259832853
332 0.0269376000290248
303 0.0387549821143523
367 0.00507919684384599
190 -0.0335578505996311
199 0.0123961925911948
237 -0.0149920626343257
392 -0.0831320385012246
263 -0.0117426073885184
271 -0.0896544211172191
306 -0.00103569750851175
408 0.00957654865659452
236 -0.0163884098576909
