222 0.0499596944549123
277 -0.0999756210546388
242 0.124081276158954
260 0.0373507117918187
239 0.116493278398663
252 -0.0975307972223294
387 -0.109937348476251
328 -0.0495909343132743
380 0.207388168158875
401 0.107959429431738
191 -0.0553797828974226
320 0.163147840573009
185 0.004869991167811
342 -0.0356129899757043
198 -0.0771451565155529
326 0.0685013856341417
349 0.148352135851004
376 -0.0557065539770069
365 0.145316796884468
285 -0.122100152326651
293 -0.0610741311504496
268 -0.0511437328808056
246 -0.0198175418411383
385 0.000935337112329094
278 -0.0448328120678614
440 -0.199492084650612
259 -0.0186266025590854
321 -0.0461101776111454
418 0.00146611789275738
257 0.269164615135084
201 -0.0892242934548968
405 -0.0966402349408487
327 -0.0372180662305601
361 0.0733561489520805
226 0.0249295268394663
175 -0.0970043875631496
85 0.0755164639033385
173 0.242624975165743
142 0.00356445057409814
167 -0.0881471271951031
57 -0.132810718468481
154 -0.129665496750486
144 0.0862985754642565
17 0.0413075898817728
4 -0.0260236585021446
171 -0.0902737992609301
114 0.020088026531798
157 -0.0641754694210342
64 -0.00272660739938688
21 0.0635679838459918
42 0.0692182012642325
151 0.0224776385315796
70 0.0750516754765002
133 0.0998116492307181
51 -0.109680691422118
29 -0.00173008903648953
34 0.16219638349037
12 -0.0788531702046815
36 0.0822647429882452
161 0.113814923763168
23 -0.092445971222473
40 -0.144735490791581
101 -0.159356170489968
59 -0.0216090759197292
156 0.0539186353480988
39 -0.0470640215764924
130 0.00500914676482465
159 0.191440651699823
18 0.0278730237726244
108 0.0765930968566381
80 0.0465851486959599
92 0.0021547811215274
86 0.0834703452801191
83 -0.0133077879034472
37 0.00990229391103476
6 -0.0809728567573443
27 0.0134769979833662
49 -0.114331921018822
43 0.0319763220763117
82 -0.0790783217174572
66 -0.107856912129834
35 -0.018353978870988
351 -0.0462059830161769
227 0.104265912609289
353 0.13858589298673
253 -0.06440092028226
204 -0.00660580831524698
183 0.0114833477185326
266 0.0833127511406664
194 -0.0681782290249344
316 -0.10652113415891
411 -0.112142385563041
362 -0.0198723488188107
255 0.0334585581738898
244 0.0782549055576333
412 -0.093693152717576
400 0.0123678525305341
243 0.0694395603044666
303 0.0221966623425082
283 -0.0540850822704925
360 0.0610902740872226
364 -0.0359752970227375
367 -0.0771768335051471
352 0.00558625100858359
424 -0.0665175870185358
300 -0.0447806470370643
