340 -0.0693085725615919
372 0.000481686163187679
240 0.091214440453438
430 -0.0930597477134917
331 -0.0434752520869109
402 0.0310033222810032
260 -0.159086883081256
397 0.162721519161741
241 0.0345638323651537
216 -0.0336156782069562
195 -0.00637428209583516
447 0.182378832729846
403 -0.0537794714489969
350 -0.0466396362772668
291 -0.000647553992085831
427 0.122120816041494
317 0.0433457762620991
342 -0.219375214743246
225 0.0123913723346327
249 0.247349587670228
202 -0.0852976111625716
386 -0.0386491845953672
439 0.037670343231427
272 0.0101279605204346
290 -0.0622110181417879
318 0.0803154171389192
309 0.129132653792063
284 -0.0273555809757514
334 0.0105034885080088
413 -0.0883553747264584
257 0.214787196427588
409 -0.0772529016394815
389 -0.0317339817613759
248 -0.0197401000160198
280 -0.0824321521033593
358 -0.0739485811431188
264 -0.0303232850931654
211 -0.0414500575400215
341 -0.0674119157298383
319 0.0415646585609758
338 0.0103787388184458
330 0.0757253864310163
301 -0.0711926659851587
438 -0.0603131832352024
180 -0.129051021996924
75 0.0530820556631353
88 -0.103594071468956
71 0.0358467619952885
13 0.170508740823871
15 0.0666424674856372
145 0.0935545986644549
47 -0.0586540106516189
84 -0.075406699121059
115 -0.0547506193186521
5 -0.0542513294499556
120 -0.0598285591060137
72 0.0197384091233439
125 -0.0812355732162105
164 -0.0432475149923063
94 0.0631859862351146
33 -0.0568999499479697
105 0.077526053789182
165 -0.11446327861113
113 0.0110301683621469
111 0.0643273681697242
128 0.175940017568897
348 0.142800891991643
315 -0.0222134484573661
431 0.0261338546363564
344 -0.112389206211313
333 -0.00973879776712726
356 -0.0114063356579062
323 0.108038731953853
212 0.0343719692885747
360 -0.125967941439342
295 0.0428268219521769
346 -0.0272036831249358
