220 -0.0685103368441502
350 0.119789826563683
291 -0.107308362645805
427 0.117122343862921
317 0.18301146401547
342 0.0530846099527522
444 -0.00410257988972112
435 0.0201809338444935
225 0.102261218925727
419 0.109836642044759
249 0.0182232031260863
285 -0.0203158138146956
370 -0.136775152494495
269 -0.0699069088988964
428 -0.114107467408447
265 -0.0803716666438967
318 -0.0303652025010329
309 0.0163032591005556
371 -0.137706383773897
284 -0.018853008437622
217 0.137627508832055
298 -0.0758062989370431
334 -0.0352828708982217
413 -0.0383807104674293
304 -0.00819415733681308
257 -0.0937490498650751
409 0.052560954905165
369 0.12178767800215
433 0.00550296534666394
405 -0.120924191967804
248 0.119790213553592
280 -0.0444762689231006
358 0.0840495806433491
229 -0.0750192869501188
233 -0.067397604373622
211 -0.0656908804135339
425 0.13666173549098
319 -0.116737930222996
338 0.0165584071028046
301 -0.0579861280589015
438 -0.0525963340684347
109 0.0230857639813558
180 3.29472131864548e-05
58 0.0121373072436693
67 -0.0657532643952214
75 -0.00249856232538273
88 0.286952610859296
98 0.0231483672067977
15 -0.049788760645186
145 0.0429997277581465
182 0.0105186133736508
47 -0.010336568995448
172 0.0512229849031946
176 0.028263418801562
72 0.0703315382214255
125 0.102104109741385
33 -0.159371160852955
105 -0.10702875344282
165 -0.0632053082143849
113 -0.0931157946978734
104 0.0159637609763399
106 -0.0783829943806937
111 -0.0372799823300453
348 0.134746153449896
431 0.165185964993773
344 0.13774212026082
333 -0.0386114520237157
356 -0.0376194830820761
218 -0.146143975950447
212 0.0737708032426592
423 -0.135354122715879
360 0.0989228164968641
383 -0.133838691231668
263 0.107411917082319
