340 0.00990522243152741
277 0.0991796108684764
242 -0.0535567577280607
430 -0.00234947590437474
260 0.0846058485730269
421 -0.0995302837184231
216 0.0440525359850372
380 0.0331215252962016
189 0.0326613086891732
377 -0.0385554828096644
447 0.016510846131392
245 0.0845736164913191
282 0.162160004326133
307 0.0235897225898595
390 0.000414156395529272
350 0.115384545362273
291 -0.0607625016513074
337 -0.0158390991651612
349 -0.0765311739799408
419 -0.0839288744481782
365 0.0184623585308608
249 -0.0262122319701703
288 -0.0586920806944395
294 -0.000706233317810663
268 -0.0511415923413966
247 0.0483972871939266
273 -0.050217858316084
385 -0.0906321470525063
278 -0.0281196292787491
259 0.0575510534498068
270 -0.0774592752130523
281 0.0775408962405553
321 0.0585356049983043
217 -0.000943772691149398
434 -0.0683091387741048
280 0.0264592687582163
358 -0.0870536208190735
226 -0.00965629844601621
314 0.0263396185323252
137 -0.117146711180639
15 0.208542782557924
51 -0.0866620682547499
77 0.210768644987433
12 -0.0124427119460548
36 -0.0255953423367744
148 0.00103240427170047
40 0.0794224367978384
59 -0.00802818583698349
160 -0.0605635009671561
30 0.0363613038525387
176 0.136805829093883
136 0.0169929755950886
32 0.0886669439792714
62 0.00899722166739447
72 -0.101947273514868
130 -0.108221779685177
121 -0.187219378393851
159 0.0569424304021694
68 -0.108976399486998
18 -0.140468098369807
7 -0.052827367336419
52 0.20464414355785
174 0.146490656841422
27 -3.67333378128297e-05
118 -0.106455873434547
53 0.332232202831691
10 -0.160090477729028
55 0.121914874602377
76 -0.071568742567955
20 -0.0538091898203166
127 -0.0215527908520517
104 -0.039266294275635
106 -0.099084711364909
134 0.0121410692245433
22 -0.0999922895713934
193 -0.0842282930220419
335 -0.0161309391715211
289 -0.0608980154946754
227 0.0348035021293873
256 -0.0834494820083629
381 -0.0643110437293643
253 -0.0543079553050082
305 0.208751145049299
183 -0.0728964661862566
266 0.221765611367551
316 -0.089729386910662
411 -0.0979872244450697
362 -0.0554852979807612
325 0.00157074112023803
446 0.143512162781273
255 0.123792103923886
404 -0.0745300017253933
323 -0.0242686659086406
228 -0.0679924465604743
395 -0.0164624508889267
203 0.130760062445766
221 0.0341154192205453
244 0.0289337985138697
355 -0.054271591583015
209 0.0344228357147932
213 -0.0807729866891766
243 0.0829016142692954
391 -0.0825595339200264
429 0.158491008551858
360 0.00119662754436459
359 0.0880112779555601
366 -0.042105011786397
367 -0.0686145136657659
190 0.0824472290567027
449 -0.0444230687387543
392 -0.0764279732512315
352 -0.000170195028939581
271 -0.0447581686834832
347 -0.00121119090572167
300 -0.0567307385789996
