222 -0.0675682134358594
277 0.281487000702441
242 -0.11971331904957
430 -0.00485951887252724
224 -0.0625758828715386
260 -0.0154815988234687
239 -0.0313756382689436
387 -0.0377076803742829
328 -0.0636623823790155
380 0.13420441953359
447 -0.0232608343081742
401 0.0321743788254463
191 -0.0551883130383059
307 -0.0545184529495291
206 -0.040439737502568
308 -0.0181580950426078
223 0.0111218740916078
445 -0.0864766631007232
399 -0.119981142541345
198 0.0151516043101419
326 0.0490842012621844
376 -0.106446230274136
419 -0.0267360544667419
312 -0.0878912626627834
249 -0.00625789494673825
202 -0.0771053270148809
208 0.0751834805453145
293 -0.063376754154849
268 -0.177095229667153
247 -0.0472099002888704
370 0.0708832493623757
238 -0.0113941725285278
440 0.00782615570067673
298 0.0795215085043772
434 -0.142305360089415
201 0.0163276057969814
405 -0.0909102208197535
280 -0.0775711300269612
327 0.251152500003405
415 0.111049517757672
336 -0.00503932557745461
425 -0.0476915716194213
338 -0.00881476823497192
438 -0.00777162975918969
314 -0.0342597918699546
37 -0.0127652821612527
49 -0.00814045630871695
43 0.0344599845505387
147 -0.0433778913799622
155 0.0606516156041298
82 0.0292620416316796
116 -0.0906073822430636
66 0.0305173703066473
353 -0.0115573353405057
381 0.0825144634501887
253 -0.0400194234459192
378 0.0251615217533065
266 0.181121028081411
411 -0.00928526864736574
446 0.125971548690465
441 0.0460374564153932
373 0.151522900033543
356 0.211637381962046
215 -0.126743317883142
323 0.00664623516462402
230 -0.151350139031032
244 0.0950862890307014
368 -0.180595182779464
332 -0.0396397923733762
243 0.269042588793959
283 0.104325277925494
359 -0.0287051073252611
367 -0.128417369875789
295 0.132821802464428
392 -0.0837570656808107
352 -0.0570881871019432
408 0.111081590652667
236 -0.00213529476956941
