222 -0.0833247436766505
297 -0.00467379641464455
277 -0.0771919750233764
240 -0.0375659300435853
398 0.0898827250401798
224 -0.0768685350927052
239 0.0999606289763471
252 -0.0273560854844091
328 -0.0998918190013257
380 -0.105191411587411
189 0.150494262941488
401 0.236135125267094
442 0.0166426794752618
307 -0.0361824615562149
420 -0.011270038598311
350 -0.086827279080477
185 -0.0732168446731031
337 -0.0849264800111524
376 -0.116949966506666
208 -0.0449990073640053
293 -0.0288630277620838
294 0.0597460720644832
186 -0.0365735372135472
268 0.009662894000469
247 -0.111231818652822
385 0.176709152893331
278 -0.0896656655762333
440 0.0474976155410065
259 -0.0951309304081434
418 -0.0688639191438823
257 -0.0575484526987493
311 0.0214603608469619
434 -0.0052244168297374
251 -0.0877138781921673
201 0.230590327054157
210 -0.0931617730125289
327 0.0224412939199905
361 -0.0686521049985789
407 0.242807153280343
261 0.105476236281019
336 -0.0794823597201086
226 -0.0501052077248381
314 0.00780055671883445
175 -0.128643931784684
85 -0.0428945916012176
163 -0.0258021062246388
91 -0.00228301586423067
167 0.0916124002304773
152 -0.155467743978996
131 -0.0454266598629651
1 -0.0654721324036373
154 0.249624450678886
102 0.152682861506043
144 -0.20495170969669
17 -0.0298664707061007
171 -0.120912037371778
129 0.201902033115091
114 -0.10761859443273
157 -0.202168920267193
64 0.111692722702795
21 -0.0141854403383004
42 -0.101182348503305
151 0.029079583783324
70 0.0569038224803698
133 0.0506008240780217
77 -0.0710175408523293
29 -0.0111230930226543
34 -0.137104254115369
12 -0.0837836375442148
138 0.239921883160423
96 0.206756869261358
149 -0.150156916707269
161 0.0547093788520334
148 -0.0576106900917106
59 -0.141631633886008
156 0.0345458010534573
63 0.0523489710271948
160 -0.0862690827249449
30 -0.0035109382529903
136 0.00493240382007798
78 0.125693931904465
3 -0.0534643454793726
62 0.0243147605029516
130 -0.10583936990945
159 -0.139375087933881
7 0.186197289596332
108 -0.037088296562536
92 0.0854117602006675
174 0.00372200972426104
86 0.0234648189132113
6 -0.0401577937833616
46 0.156645044273322
60 0.00938108948792277
146 -0.00236579920276076
53 -0.0237951187998821
124 0.0759734053984457
147 -0.047333323035486
126 0.020928898167513
82 0.133786140649472
143 -0.122272519680493
25 0.0526095929496078
117 0.0542258563993067
22 0.0711065407041488
299 0.0283289053622329
193 0.0831890192349534
351 -0.13613583990187
354 0.063988001980755
256 0.00498230451311354
353 0.0669316446535907
381 -0.105592989653106
253 0.0576467202581742
305 -0.0238503285724745
310 -0.0193612605418871
204 -0.0338061614655526
183 -0.00785461977792331
378 0.0743723283245364
266 -0.10941820539562
357 0.0498452140764851
411 0.181128478523475
362 0.0117038611275971
446 -0.145857939176115
422 -0.0394931161002358
441 -0.0630156583462934
218 0.0462402176540727
384 0.0940958905214435
355 0.0408370950456227
368 -0.0866193080282354
209 0.147562668776108
417 -0.0616776616352364
243 -0.0602672847848069
283 0.152987671611858
359 0.0409954159200603
366 -0.020630046098325
364 0.026845695520124
392 -0.00381829581155119
271 -0.0141145045421549
424 0.0176048451839931
306 0.000458228039357179
236 0.0631153952503288
