222 0.0170866107397612
277 -0.0256953090769693
242 -0.0821210658387232
379 -0.0658630999853135
224 -0.0245980895785422
328 0.0167213304145509
220 -0.0206129833733426
380 -0.027252008511446
189 0.0186894189658553
447 -0.0168424331702258
401 -0.0297324950648404
320 0.262212940611325
308 -0.0821744123977124
291 -0.0400555067912003
399 -0.026634046462488
326 0.222951256967476
376 -0.000500271873783134
288 0.108494415854537
294 0.0231490980949124
268 -0.0451998990141828
247 -0.0225983009097557
273 0.107918778430544
246 -0.06499603486206
385 -0.0852572291274041
278 0.00300602645330133
428 0.0615152245613874
265 -0.0213999256598434
259 0.126733923938793
309 0.156159134154044
197 0.111942177618475
418 0.0430431997218944
251 -0.098752328482944
201 -0.0621589613118137
433 -0.0557479295780157
327 0.0559927144922528
279 -0.00999948720140257
407 0.106722790210505
261 0.0187947108598569
226 0.0753688762434637
200 -0.0553343536231424
438 -0.0788472832345447
314 0.0129477336392878
175 -0.0206941291606711
88 0.022778567615892
85 0.0712277428348426
19 0.0195887162878196
167 -0.01926237720156
103 0.0904214665506544
152 -0.0826459985055162
1 0.0660900169142196
150 -0.0223697569802581
170 0.0575073320100618
102 -0.114479002488172
144 0.124293584665811
17 -0.079171611237196
87 -0.0104561717612349
137 -0.0561789120726597
171 0.0815241266134331
129 0.12762002342771
114 -0.116240949910927
157 0.140332759865949
64 -0.00810688191456352
42 -0.0600943345335804
151 -0.0303938359359349
70 -0.0350639175860041
133 -0.0223980305637719
141 -0.00485484162827672
29 -0.0204386000688231
12 -0.00841998615404194
168 -0.0251644011008752
138 -0.0613148061861607
96 0.0114227568837205
11 -0.0354770514406033
149 -0.0754933615412709
36 -0.0141388334698323
89 -0.0731676521350033
23 0.143382319643087
169 0.0278014614073842
40 -0.0744766145927443
59 -0.0206684389200958
63 0.0404562708119711
160 -0.102015593788996
39 0.0193891953967092
162 0.0111335681916616
3 -0.0398375293405587
79 0.0626402694992758
120 -0.0416675100143559
130 -0.0184417530460473
158 0.0523671077105097
121 0.0876129788930278
68 0.0124194552648369
7 -0.0791455100719289
92 0.146684923957547
24 0.0639941038955573
174 0.0519605446457073
86 0.0212546511678432
44 0.000415775646149448
83 -0.0973047802945629
37 0.193095569018026
27 -0.0798485569218157
46 0.174022315374443
146 -0.0812506540758548
53 -0.0716832346744732
124 -0.0290749642767072
126 -0.0106373841205306
65 0.0278344016605387
127 -0.0584592882389756
116 -0.0663450947640708
143 -0.0630976964188769
25 0.0751088924308362
45 -0.0944008511476936
299 -0.0339804572232736
227 0.0683787502901578
305 0.00626708070222297
310 0.0869836566431866
315 -0.13390146990461
378 0.0813473123347062
266 0.0656603412497267
316 -0.0612877668598694
325 -0.139240652703081
446 -0.106608528161392
422 -0.0328443912055603
286 0.0588893048073307
441 -0.125272039321175
255 0.138534671267041
373 -0.0186589255186127
275 -0.0726425883866857
404 -0.0470835804061646
262 0.000397108619710205
395 0.030664349939389
230 -0.129303422382915
244 -0.0893242339642489
355 0.00620229938891364
412 0.101409434966654
400 -0.0232721077337181
209 -0.0799951890173865
213 0.0317853592191046
243 -0.0990663708207415
184 0.0642524792620554
283 -0.00576315027925066
391 0.0163650633890588
367 -0.0321931572939834
392 -0.0332345200784964
352 0.033238286403149
347 -0.0507038781347026
300 0.016924024070934
