260 -0.122451705910638
239 -0.050959367646319
328 -0.077853651936632
195 0.0584175541910595
377 -0.104106191974994
390 -0.086176416654607
291 0.0407534475706553
345 0.0386368417607958
445 -0.236809142859317
399 -0.0164470664766198
337 -0.123197295747227
198 0.0608284805008907
192 0.137137813492253
419 0.149692853220969
285 -0.0832145113984881
288 0.11807979757392
186 -0.0134613114612581
386 -0.178503951085391
273 0.072373103250715
246 0.262894001161945
265 -0.0429499069174786
259 -0.00903253177185945
343 0.16731528626145
321 -0.0314510004600731
298 0.0622071149297275
334 -0.0180461857195846
302 0.0367342053163753
257 -0.0023529079578685
405 0.0686294837314073
229 -0.00540209893656408
211 0.0369467969530514
341 0.171291314685463
314 -0.10282841030337
41 0.101366349306852
102 0.00526431545991085
13 -0.143981534947088
42 0.0312342995578057
26 -0.28712079431002
77 0.0741927733403478
141 0.404698868997922
168 0.0261683203361314
138 -0.0213828262000217
36 0.0166641773522819
161 -0.0146617828729127
97 -0.232397827139445
115 -0.00629455014483427
112 -0.125732039107073
5 0.00903996558429188
40 0.0647249075721393
101 -0.0756693910691795
39 -0.0886225406242774
31 0.421746037338224
72 0.0566873461095093
159 -0.150748894411389
44 0.00918300980665911
27 -0.145056516697079
53 0.151139934191731
82 -0.120604226172583
127 0.100381029272886
113 0.116274941744698
104 -0.0281239382221553
66 -0.0529968133532341
106 -0.0943083476048967
134 -0.00106425309520218
450 0.00976880576048956
266 0.0352638037178946
194 0.00396942419176641
362 -0.272923342600372
422 0.0351691008630231
286 0.0596110801607538
344 -0.0464041947855444
275 0.0265195272414404
215 -0.0824166444615809
203 0.103727729173106
221 0.01690521737154
417 0.129694153399148
184 -0.0496349718566636
364 0.0381452033309854
295 -0.0262327244894361
190 -0.0580374985567786
347 -0.139028007552237
408 0.067301940060705
300 -0.0280930403506286
